2.943207699749999620e+02 6.000000000000000000e+00
2.943212699749998364e+02 3.000000000000000000e+00
2.943217699749997109e+02 1.000000000000000000e+00
2.943222699749995854e+02 2.000000000000000000e+00
2.943227699749994599e+02 2.000000000000000000e+00
2.943232699749993344e+02 2.000000000000000000e+00
2.943237699749992089e+02 1.000000000000000000e+00
2.943242699749990834e+02 0.000000000000000000e+00
2.943247699749989579e+02 3.000000000000000000e+00
2.943252699749988324e+02 2.000000000000000000e+00
2.943257699749987069e+02 3.000000000000000000e+00
2.943262699749985813e+02 2.000000000000000000e+00
2.943267699749984558e+02 2.000000000000000000e+00
2.943272699749983303e+02 3.000000000000000000e+00
2.943277699749982048e+02 4.000000000000000000e+00
2.943282699749980793e+02 1.000000000000000000e+00
2.943287699749979538e+02 2.000000000000000000e+00
2.943292699749978283e+02 4.000000000000000000e+00
2.943297699749977028e+02 5.000000000000000000e+00
2.943302699749975773e+02 2.000000000000000000e+00
2.943307699749974518e+02 4.000000000000000000e+00
2.943312699749973262e+02 7.000000000000000000e+00
2.943317699749972007e+02 7.000000000000000000e+00
2.943322699749970752e+02 5.000000000000000000e+00
2.943327699749969497e+02 6.000000000000000000e+00
2.943332699749968242e+02 4.000000000000000000e+00
2.943337699749966987e+02 7.000000000000000000e+00
2.943342699749965732e+02 5.000000000000000000e+00
2.943347699749964477e+02 3.000000000000000000e+00
2.943352699749963222e+02 1.600000000000000000e+01
2.943357699749961967e+02 1.500000000000000000e+01
2.943362699749960711e+02 1.200000000000000000e+01
2.943367699749959456e+02 1.200000000000000000e+01
2.943372699749958201e+02 1.300000000000000000e+01
2.943377699749956946e+02 1.300000000000000000e+01
2.943382699749955691e+02 1.100000000000000000e+01
2.943387699749954436e+02 6.000000000000000000e+00
2.943392699749953181e+02 1.400000000000000000e+01
2.943397699749951926e+02 1.600000000000000000e+01
2.943402699749950671e+02 1.700000000000000000e+01
2.943407699749949415e+02 1.900000000000000000e+01
2.943412699749948160e+02 2.500000000000000000e+01
2.943417699749946905e+02 3.500000000000000000e+01
2.943422699749945650e+02 4.700000000000000000e+01
2.943427699749944395e+02 4.800000000000000000e+01
2.943432699749943140e+02 4.500000000000000000e+01
2.943437699749941885e+02 1.400000000000000000e+01
2.943442699749940630e+02 1.500000000000000000e+01
2.943447699749939375e+02 4.200000000000000000e+01
2.943452699749938120e+02 3.600000000000000000e+01
2.943457699749936864e+02 2.700000000000000000e+01
2.943462699749935609e+02 3.200000000000000000e+01
2.943467699749934354e+02 3.400000000000000000e+01
2.943472699749933099e+02 2.700000000000000000e+01
2.943477699749931844e+02 2.700000000000000000e+01
2.943482699749930589e+02 2.100000000000000000e+01
2.943487699749929334e+02 2.500000000000000000e+01
2.943492699749928079e+02 2.000000000000000000e+01
2.943497699749926824e+02 2.100000000000000000e+01
2.943502699749925569e+02 2.000000000000000000e+01
2.943507699749924313e+02 2.000000000000000000e+01
2.943512699749923058e+02 2.300000000000000000e+01
2.943517699749921803e+02 1.500000000000000000e+01
2.943522699749920548e+02 1.400000000000000000e+01
2.943527699749919293e+02 2.700000000000000000e+01
2.943532699749918038e+02 2.600000000000000000e+01
2.943537699749916783e+02 1.500000000000000000e+01
2.943542699749915528e+02 1.700000000000000000e+01
2.943547699749914273e+02 1.300000000000000000e+01
2.943552699749913018e+02 1.300000000000000000e+01
2.943557699749911762e+02 1.400000000000000000e+01
2.943562699749910507e+02 1.400000000000000000e+01
2.943567699749909252e+02 1.400000000000000000e+01
2.943572699749907997e+02 1.700000000000000000e+01
2.943577699749906742e+02 1.000000000000000000e+01
2.943582699749905487e+02 1.200000000000000000e+01
2.943587699749904232e+02 5.000000000000000000e+00
2.943592699749902977e+02 1.300000000000000000e+01
2.943597699749901722e+02 1.100000000000000000e+01
2.943602699749900466e+02 8.000000000000000000e+00
2.943607699749899211e+02 7.000000000000000000e+00
2.943612699749897956e+02 1.700000000000000000e+01
2.943617699749896701e+02 5.000000000000000000e+00
2.943622699749895446e+02 1.100000000000000000e+01
2.943627699749894191e+02 8.000000000000000000e+00
2.943632699749892936e+02 1.200000000000000000e+01
2.943637699749891681e+02 1.000000000000000000e+01
2.943642699749890426e+02 9.000000000000000000e+00
2.943647699749889171e+02 4.000000000000000000e+00
2.943652699749887915e+02 7.000000000000000000e+00
2.943657699749886660e+02 4.000000000000000000e+00
2.943662699749885405e+02 3.000000000000000000e+00
2.943667699749884150e+02 9.000000000000000000e+00
2.943672699749882895e+02 2.000000000000000000e+00
2.943677699749881640e+02 2.000000000000000000e+00
2.943682699749880385e+02 6.000000000000000000e+00
2.943687699749879130e+02 5.000000000000000000e+00
2.943692699749877875e+02 5.000000000000000000e+00
2.943697699749876620e+02 3.000000000000000000e+00
2.943702699749875364e+02 1.000000000000000000e+00
2.943707699749874109e+02 5.000000000000000000e+00
2.943712699749872854e+02 4.000000000000000000e+00
2.943717699749871599e+02 4.000000000000000000e+00
2.943722699749870344e+02 3.000000000000000000e+00
2.943727699749869089e+02 5.000000000000000000e+00
2.943732699749867834e+02 4.000000000000000000e+00
2.943737699749866579e+02 3.000000000000000000e+00
2.943742699749865324e+02 4.000000000000000000e+00
2.943747699749864069e+02 1.000000000000000000e+00
2.943752699749862813e+02 2.000000000000000000e+00
2.943757699749861558e+02 2.000000000000000000e+00
2.943762699749860303e+02 4.000000000000000000e+00
2.943767699749859048e+02 2.000000000000000000e+00
2.943772699749857793e+02 5.000000000000000000e+00
2.943777699749856538e+02 1.000000000000000000e+00
2.943782699749855283e+02 7.000000000000000000e+00
2.943787699749854028e+02 5.000000000000000000e+00
2.943792699749852773e+02 3.000000000000000000e+00
2.943797699749851517e+02 3.000000000000000000e+00
2.943802699749850262e+02 3.000000000000000000e+00
2.943807699749849007e+02 3.000000000000000000e+00
2.943812699749847752e+02 4.000000000000000000e+00
2.943817699749846497e+02 4.000000000000000000e+00
2.943822699749845242e+02 4.000000000000000000e+00
2.943827699749843987e+02 5.000000000000000000e+00
2.943832699749842732e+02 5.000000000000000000e+00
2.943837699749841477e+02 1.000000000000000000e+00
2.943842699749840222e+02 3.000000000000000000e+00
2.943847699749838966e+02 3.000000000000000000e+00
2.943852699749837711e+02 4.000000000000000000e+00
2.943857699749836456e+02 0.000000000000000000e+00
2.943862699749835201e+02 2.000000000000000000e+00
2.943867699749833946e+02 5.000000000000000000e+00
2.943872699749832691e+02 5.000000000000000000e+00
2.943877699749831436e+02 5.000000000000000000e+00
2.943882699749830181e+02 3.000000000000000000e+00
2.943887699749828926e+02 6.000000000000000000e+00
2.943892699749827671e+02 4.000000000000000000e+00
2.943897699749826415e+02 2.000000000000000000e+00
2.943902699749825160e+02 4.000000000000000000e+00
2.943907699749823905e+02 3.000000000000000000e+00
2.943912699749822650e+02 4.000000000000000000e+00
2.943917699749821395e+02 5.000000000000000000e+00
2.943922699749820140e+02 3.000000000000000000e+00
2.943927699749818885e+02 6.000000000000000000e+00
2.943932699749817630e+02 3.000000000000000000e+00
2.943937699749816375e+02 7.000000000000000000e+00
2.943942699749815120e+02 6.000000000000000000e+00
2.943947699749813864e+02 3.000000000000000000e+00
2.943952699749812609e+02 6.000000000000000000e+00
2.943957699749811354e+02 3.000000000000000000e+00
2.943962699749810099e+02 2.000000000000000000e+00
2.943967699749808844e+02 5.000000000000000000e+00
2.943972699749807589e+02 3.000000000000000000e+00
2.943977699749806334e+02 3.000000000000000000e+00
2.943982699749805079e+02 3.000000000000000000e+00
2.943987699749803824e+02 4.000000000000000000e+00
2.943992699749802568e+02 5.000000000000000000e+00
2.943997699749801313e+02 7.000000000000000000e+00
2.944002699749800058e+02 6.000000000000000000e+00
2.944007699749798803e+02 4.000000000000000000e+00
2.944012699749797548e+02 6.000000000000000000e+00
2.944017699749796293e+02 3.000000000000000000e+00
2.944022699749795038e+02 4.000000000000000000e+00
2.944027699749793783e+02 3.000000000000000000e+00
2.944032699749792528e+02 5.000000000000000000e+00
2.944037699749791273e+02 5.000000000000000000e+00
2.944042699749790017e+02 2.000000000000000000e+00
2.944047699749788762e+02 2.000000000000000000e+00
2.944052699749787507e+02 7.000000000000000000e+00
2.944057699749786252e+02 4.000000000000000000e+00
2.944062699749784997e+02 2.000000000000000000e+00
2.944067699749783742e+02 4.000000000000000000e+00
2.944072699749782487e+02 4.000000000000000000e+00
2.944077699749781232e+02 4.000000000000000000e+00
2.944082699749779977e+02 4.000000000000000000e+00
2.944087699749778722e+02 6.000000000000000000e+00
2.944092699749777466e+02 4.000000000000000000e+00
2.944097699749776211e+02 2.000000000000000000e+00
2.944102699749774956e+02 0.000000000000000000e+00
2.944107699749773701e+02 6.000000000000000000e+00
2.944112699749772446e+02 7.000000000000000000e+00
2.944117699749771191e+02 2.000000000000000000e+00
2.944122699749769936e+02 5.000000000000000000e+00
2.944127699749768681e+02 1.000000000000000000e+00
2.944132699749767426e+02 1.000000000000000000e+00
2.944137699749766170e+02 3.000000000000000000e+00
2.944142699749764915e+02 2.000000000000000000e+00
2.944147699749763660e+02 3.000000000000000000e+00
2.944152699749762405e+02 3.000000000000000000e+00
